2		331		751		1217		1697
3		337		757		1223		1699
5		347		761		1229		1709
7		349		769		1231		1721
11		353		773		1237		1723
13		359		787		1249		1733
17		367		797		1259		1741
19		373		809		1277		1747
23		379		811		1279		1753
29		383		821		1283		1759
31		389		823		1289		1777
37		397		827		1291		1783
41		401		829		1297		1787
43		409		839		1301		1789
47		419		853		1303		1801
53		421		857		1307		1811
59		431		859		1319		1823
61		433		863		1321		1831
67		439		877		1327		1847
71		443		881		1361		1861
73		449		883		1367		1867
79		457		887		1373		1871
83		461		907		1381		1873
89		463		911		1399		1877
97		467		919		1409		1879
101		479		929		1423		1889
103		487		937		1427		1901
107		491		941		1429		1907
109		499		947		1433		1913
113		503		953		1439		1931
127		509		967		1447		1933
131		521		971		1451		1949
137		523		977		1453		1951
139		541		983		1459		1973
149		547		991		1471		1979
151		557		997		1481		1987
157		563		1009		1483		1993
163		569		1013		1487		1997
167		571		1019		1489		1999
173		577		1021		1493		2003
179		587		1031		1499		2011
181		593		1033		1511		2017
191		599		1039		1523		2027
193		601		1049		1531		2029
197		607		1051		1543		2039
199		613		1061		1549		2053
211		617		1063		1553		2063
223		619		1069		1559		2069
227		631		1087		1567		2081
229		641		1091		1571		2083
233		643		1093		1579		2087
239		647		1097		1583		2089
241		653		1103		1597		2099
251		659		1109		1601		2111
257		661		1117		1607		2113
263		673		1123		1609		2129
269		677		1129		1613		2131
271		683		1151		1619		2137
277		691		1153		1621		2141
281		701		1163		1627		2143
283		709		1171		1637		2153
293		719		1181		1657		2161
307		727		1187		1663		2179
311		733		1193		1667		2203
313		739		1201		1669		2207
317		743		1213		1693		2213
2221		2719		3299		3803		4357
2237		2729		3301		3821		4363
2239		2731		3307		3823		4373
2243		2741		3313		3833		4391
2251		2749		3319		3847		4397
2267		2753		3323		3851		4409
2269		2767		3329		3853		4421
2273		2777		3331		3863		4423
2281		2789		3343		3877		4441
2287		2791		3347		3881		4447
2293		2797		3359		3889		4451
2297		2801		3361		3907		4457
2309		2803		3371		3911		4463
2311		2819		3373		3917		4481
2333		2833		3389		3919		4483
2339		2837		3391		3923		4493
2341		2843		3407		3929		4507
2347		2851		3413		3931		4513
2351		2857		3433		3943		4517
2357		2861		3449		3947		4519
2371		2879		3457		3967		4523
2377		2887		3461		3989		4547
2381		2897		3463		4001		4549
2383		2903		3467		4003		4561
2389		2909		3469		4007		4567
2393		2917		3491		4013		4583
2399		2927		3499		4019		4591
2411		2939		3511		4021		4597
2417		2953		3517		4027		4603
2423		2957		3527		4049		4621
2437		2963		3529		4051		4637
2441		2969		3533		4057		4639
2447		2971		3539		4073		4643
2459		2999		3541		4079		4649
2467		3001		3547		4091		4651
2473		3011		3557		4093		4657
2477		3019		3559		4099		4663
2503		3023		3571		4111		4673
2521		3037		3581		4127		4679
2531		3041		3583		4129		4691
2539		3049		3593		4133		4703
2543		3061		3607		4139		4721
2549		3067		3613		4153		4723
2551		3079		3617		4157		4729
2557		3083		3623		4159		4733
2579		3089		3631		4177		4751
2591		3109		3637		4201		4759
2593		3119		3643		4211		4783
2609		3121		3659		4217		4787
2617		3137		3671		4219		4789
2621		3163		3673		4229		4793
2633		3167		3677		4231		4799
2647		3169		3691		4241		4801
2657		3181		3697		4243		4813
2659		3187		3701		4253		4817
2663		3191		3709		4259		4831
2671		3203		3719		4261		4861
2677		3209		3727		4271		4871
2683		3217		3733		4273		4877
2687		3221		3739		4283		4889
2689		3229		3761		4289		4903
2693		3251		3767		4297		4909
2699		3253		3769		4327		4919
2707		3257		3779		4337		4931
2711		3259		3793		4339		4933
2713		3271		3797		4349		4937
4943		5503		6079		6661		7237
4951		5507		6089		6673		7243
4957		5519		6091		6679		7247
4967		5521		6101		6689		7253
4969		5527		6113		6691		7283
4973		5531		6121		6701		7297
4987		5557		6131		6703		7307
4993		5563		6133		6709		7309
4999		5569		6143		6719		7321
5003		5573		6151		6733		7331
5009		5581		6163		6737		7333
5011		5591		6173		6761		7349
5021		5623		6197		6763		7351
5023		5639		6199		6779		7369
5039		5641		6203		6781		7393
5051		5647		6211		6791		7411
5059		5651		6217		6793		7417
5077		5653		6221		6803		7433
5081		5657		6229		6823		7451
5087		5659		6247		6827		7457
5099		5669		6257		6829		7459
5101		5683		6263		6833		7477
5107		5689		6269		6841		7481
5113		5693		6271		6857		7487
5119		5701		6277		6863		7489
5147		5711		6287		6869		7499
5153		5717		6299		6871		7507
5167		5737		6301		6883		7517
5171		5741		6311		6899		7523
5179		5743		6317		6907		7529
5189		5749		6323		6911		7537
5197		5779		6329		6917		7541
5209		5783		6337		6947		7547
5227		5791		6343		6949		7549
5231		5801		6353		6959		7559
5233		5807		6359		6961		7561
5237		5813		6361		6967		7573
5261		5821		6367		6971		7577
5273		5827		6373		6977		7583
5279		5839		6379		6983		7589
5281		5843		6389		6991		7591
5297		5849		6397		6997		7603
5303		5851		6421		7001		7607
5309		5857		6427		7013		7621
5323		5861		6449		7019		7639
5333		5867		6451		7027		7643
5347		5869		6469		7039		7649
5351		5879		6473		7043		7669
5381		5881		6481		7057		7673
5387		5897		6491		7069		7681
5393		5903		6521		7079		7687
5399		5923		6529		7103		7691
5407		5927		6547		7109		7699
5413		5939		6551		7121		7703
5417		5953		6553		7127		7717
5419		5981		6563		7129		7723
5431		5987		6569		7151		7727
5437		6007		6571		7159		7741
5441		6011		6577		7177		7753
5443		6029		6581		7187		7757
5449		6037		6599		7193		7759
5471		6043		6607		7207		7789
5477		6047		6619		7211		7793
5479		6053		6637		7213		7817
5483		6067		6653		7219		7823
5501		6073		6659		7229		7829
7841		8447		9041		9629		10243
7853		8461		9043		9631		10247
7867		8467		9049		9643		10253
7873		8501		9059		9649		10259
7877		8513		9067		9661		10267
7879		8521		9091		9677		10271
7883		8527		9103		9679		10273
7901		8537		9109		9689		10289
7907		8539		9127		9697		10301
7919		8543		9133		9719		10303
7927		8563		9137		9721		10313
7933		8573		9151		9733		10321
7937		8581		9157		9739		10331
7949		8597		9161		9743		10333
7951		8599		9173		9749		10337
7963		8609		9181		9767		10343
7993		8623		9187		9769		10357
8009		8627		9199		9781		10369
8011		8629		9203		9787		10391
8017		8641		9209		9791		10399
8039		8647		9221		9803		10427
8053		8663		9227		9811		10429
8059		8669		9239		9817		10433
8069		8677		9241		9829		10453
8081		8681		9257		9833		10457
8087		8689		9277		9839		10459
8089		8693		9281		9851		10463
8093		8699		9283		9857		10477
8101		8707		9293		9859		10487
8111		8713		9311		9871		10499
8117		8719		9319		9883		10501
8123		8731		9323		9887		10513
8147		8737		9337		9901		10529
8161		8741		9341		9907		10531
8167		8747		9343		9923		10559
8171		8753		9349		9929		10567
8179		8761		9371		9931		10589
8191		8779		9377		9941		10597
8209		8783		9391		9949		10601
8219		8803		9397		9967		10607
8221		8807		9403		9973		10613
8231		8819		9413		10007		10627
8233		8821		9419		10009		10631
8237		8831		9421		10037		10639
8243		8837		9431		10039		10651
8263		8839		9433		10061		10657
8269		8849		9437		10067		10663
8273		8861		9439		10069		10667
8287		8863		9461		10079		10687
8291		8867		9463		10091		10691
8293		8887		9467		10093		10709
8297		8893		9473		10099		10711
8311		8923		9479		10103		10723
8317		8929		9491		10111		10729
8329		8933		9497		10133		10733
8353		8941		9511		10139		10739
8363		8951		9521		10141		10753
8369		8963		9533		10151		10771
8377		8969		9539		10159		10781
8387		8971		9547		10163		10789
8389		8999		9551		10169		10799
8419		9001		9587		10177		10831
8423		9007		9601		10181		10837
8429		9011		9613		10193		10847
8431		9013		9619		10211		10853
8443		9029		9623		10223		10859
10861		11497		12143		12721		13339
10867		11503		12149		12739		13367
10883		11519		12157		12743		13381
10889		11527		12161		12757		13397
10891		11549		12163		12763		13399
10903		11551		12197		12781		13411
10909		11579		12203		12791		13417
10937		11587		12211		12799		13421
10939		11593		12227		12809		13441
10949		11597		12239		12821		13451
10957		11617		12241		12823		13457
10973		11621		12251		12829		13463
10979		11633		12253		12841		13469
10987		11657		12263		12853		13477
10993		11677		12269		12889		13487
11003		11681		12277		12893		13499
11027		11689		12281		12899		13513
11047		11699		12289		12907		13523
11057		11701		12301		12911		13537
11059		11717		12323		12917		13553
11069		11719		12329		12919		13567
11071		11731		12343		12923		13577
11083		11743		12347		12941		13591
11087		11777		12373		12953		13597
11093		11779		12377		12959		13613
11113		11783		12379		12967		13619
11117		11789		12391		12973		13627
11119		11801		12401		12979		13633
11131		11807		12409		12983		13649
11149		11813		12413		13001		13669
11159		11821		12421		13003		13679
11161		11827		12433		13007		13681
11171		11831		12437		13009		13687
11173		11833		12451		13033		13691
11177		11839		12457		13037		13693
11197		11863		12473		13043		13697
11213		11867		12479		13049		13709
11239		11887		12487		13063		13711
11243		11897		12491		13093		13721
11251		11903		12497		13099		13723
11257		11909		12503		13103		13729
11261		11923		12511		13109		13751
11273		11927		12517		13121		13757
11279		11933		12527		13127		13759
11287		11939		12539		13147		13763
11299		11941		12541		13151		13781
11311		11953		12547		13159		13789
11317		11959		12553		13163		13799
11321		11969		12569		13171		13807
11329		11971		12577		13177		13829
11351		11981		12583		13183		13831
11353		11987		12589		13187		13841
11369		12007		12601		13217		13859
11383		12011		12611		13219		13873
11393		12037		12613		13229		13877
11399		12041		12619		13241		13879
11411		12043		12637		13249		13883
11423		12049		12641		13259		13901
11437		12071		12647		13267		13903
11443		12073		12653		13291		13907
11447		12097		12659		13297		13913
11467		12101		12671		13309		13921
11471		12107		12689		13313		13931
11483		12109		12697		13327		13933
11489		12113		12703		13331		13963
11491		12119		12713		13337		13967
13997		14657		15271		15877		16547
13999		14669		15277		15881		16553
14009		14683		15287		15887		16561
14011		14699		15289		15889		16567
14029		14713		15299		15901		16573
14033		14717		15307		15907		16603
14051		14723		15313		15913		16607
14057		14731		15319		15919		16619
14071		14737		15329		15923		16631
14081		14741		15331		15937		16633
14083		14747		15349		15959		16649
14087		14753		15359		15971		16651
14107		14759		15361		15973		16657
14143		14767		15373		15991		16661
14149		14771		15377		16001		16673
14153		14779		15383		16007		16691
14159		14783		15391		16033		16693
14173		14797		15401		16057		16699
14177		14813		15413		16061		16703
14197		14821		15427		16063		16729
14207		14827		15439		16067		16741
14221		14831		15443		16069		16747
14243		14843		15451		16073		16759
14249		14851		15461		16087		16763
14251		14867		15467		16091		16787
14281		14869		15473		16097		16811
14293		14879		15493		16103		16823
14303		14887		15497		16111		16829
14321		14891		15511		16127		16831
14323		14897		15527		16139		16843
14327		14923		15541		16141		16871
14341		14929		15551		16183		16879
14347		14939		15559		16187		16883
14369		14947		15569		16189		16889
14387		14951		15581		16193		16901
14389		14957		15583		16217		16903
14401		14969		15601		16223		16921
14407		14983		15607		16229		16927
14411		15013		15619		16231		16931
14419		15017		15629		16249		16937
14423		15031		15641		16253		16943
14431		15053		15643		16267		16963
14437		15061		15647		16273		16979
14447		15073		15649		16301		16981
14449		15077		15661		16319		16987
14461		15083		15667		16333		16993
14479		15091		15671		16339		17011
14489		15101		15679		16349		17021
14503		15107		15683		16361		17027
14519		15121		15727		16363		17029
14533		15131		15731		16369		17033
14537		15137		15733		16381		17041
14543		15139		15737		16411		17047
14549		15149		15739		16417		17053
14551		15161		15749		16421		17077
14557		15173		15761		16427		17093
14561		15187		15767		16433		17099
14563		15193		15773		16447		17107
14591		15199		15787		16451		17117
14593		15217		15791		16453		17123
14621		15227		15797		16477		17137
14627		15233		15803		16481		17159
14629		15241		15809		16487		17167
14633		15259		15817		16493		17183
14639		15263		15823		16519		17189
14653		15269		15859		16529		17191
17203		17851		18443		19213		19843
17207		17863		18451		19219		19853
17209		17881		18457		19231		19861
17231		17891		18461		19237		19867
17239		17903		18481		19249		19889
17257		17909		18493		19259		19891
17291		17911		18503		19267		19913
17293		17921		18517		19273		19919
17299		17923		18521		19289		19927
17317		17929		18523		19301		19937
17321		17939		18539		19309		19949
17327		17957		18541		19319		19961
17333		17959		18553		19333		19963
17341		17971		18583		19373		19973
17351		17977		18587		19379		19979
17359		17981		18593		19381		19991
17377		17987		18617		19387		19993
17383		17989		18637		19391		19997
17387		18013		18661		19403		20011
17389		18041		18671		19417		20021
17393		18043		18679		19421		20023
17401		18047		18691		19423		20029
17417		18049		18701		19427		20047
17419		18059		18713		19429		20051
17431		18061		18719		19433		20063
17443		18077		18731		19441		20071
17449		18089		18743		19447		20089
17467		18097		18749		19457		20101
17471		18119		18757		19463		20107
17477		18121		18773		19469		20113
17483		18127		18787		19471		20117
17489		18131		18793		19477		20123
17491		18133		18797		19483		20129
17497		18143		18803		19489		20143
17509		18149		18839		19501		20147
17519		18169		18859		19507		20149
17539		18181		18869		19531		20161
17551		18191		18899		19541		20173
17569		18199		18911		19543		20177
17573		18211		18913		19553		20183
17579		18217		18917		19559		20201
17581		18223		18919		19571		20219
17597		18229		18947		19577		20231
17599		18233		18959		19583		20233
17609		18251		18973		19597		20249
17623		18253		18979		19603		20261
17627		18257		19001		19609		20269
17657		18269		19009		19661		20287
17659		18287		19013		19681		20297
17669		18289		19031		19687		20323
17681		18301		19037		19697		20327
17683		18307		19051		19699		20333
17707		18311		19069		19709		20341
17713		18313		19073		19717		20347
17729		18329		19079		19727		20353
17737		18341		19081		19739		20357
17747		18353		19087		19751		20359
17749		18367		19121		19753		20369
17761		18371		19139		19759		20389
17783		18379		19141		19763		20393
17789		18397		19157		19777		20399
17791		18401		19163		19793		20407
17807		18413		19181		19801		20411
17827		18427		19183		19813		20431
17837		18433		19207		19819		20441
17839		18439		19211		19841		20443
20477		21149		21773		22433		23059
20479		21157		21787		22441		23063
20483		21163		21799		22447		23071
20507		21169		21803		22453		23081
20509		21179		21817		22469		23087
20521		21187		21821		22481		23099
20533		21191		21839		22483		23117
20543		21193		21841		22501		23131
20549		21211		21851		22511		23143
20551		21221		21859		22531		23159
20563		21227		21863		22541		23167
20593		21247		21871		22543		23173
20599		21269		21881		22549		23189
20611		21277		21893		22567		23197
20627		21283		21911		22571		23201
20639		21313		21929		22573		23203
20641		21317		21937		22613		23209
20663		21319		21943		22619		23227
20681		21323		21961		22621		23251
20693		21341		21977		22637		23269
20707		21347		21991		22639		23279
20717		21377		21997		22643		23291
20719		21379		22003		22651		23293
20731		21383		22013		22669		23297
20743		21391		22027		22679		23311
20747		21397		22031		22691		23321
20749		21401		22037		22697		23327
20753		21407		22039		22699		23333
20759		21419		22051		22709		23339
20771		21433		22063		22717		23357
20773		21467		22067		22721		23369
20789		21481		22073		22727		23371
20807		21487		22079		22739		23399
20809		21491		22091		22741		23417
20849		21493		22093		22751		23431
20857		21499		22109		22769		23447
20873		21503		22111		22777		23459
20879		21517		22123		22783		23473
20887		21521		22129		22787		23497
20897		21523		22133		22807		23509
20899		21529		22147		22811		23531
20903		21557		22153		22817		23537
20921		21559		22157		22853		23539
20929		21563		22159		22859		23549
20939		21569		22171		22861		23557
20947		21577		22189		22871		23561
20959		21587		22193		22877		23563
20963		21589		22229		22901		23567
20981		21599		22247		22907		23581
20983		21601		22259		22921		23593
21001		21611		22271		22937		23599
21011		21613		22273		22943		23603
21013		21617		22277		22961		23609
21017		21647		22279		22963		23623
21019		21649		22283		22973		23627
21023		21661		22291		22993		23629
21031		21673		22303		23003		23633
21059		21683		22307		23011		23663
21061		21701		22343		23017		23669
21067		21713		22349		23021		23671
21089		21727		22367		23027		23677
21101		21737		22369		23029		23687
21107		21739		22381		23039		23689
21121		21751		22391		23041		23719
21139		21757		22397		23053		23741
21143		21767		22409		23057		23743
23747		24379		25121		25793		26437
23753		24391		25127		25799		26449
23761		24407		25147		25801		26459
23767		24413		25153		25819		26479
23773		24419		25163		25841		26489
23789		24421		25169		25847		26497
23801		24439		25171		25849		26501
23813		24443		25183		25867		26513
23819		24469		25189		25873		26539
23827		24473		25219		25889		26557
23831		24481		25229		25903		26561
23833		24499		25237		25913		26573
23857		24509		25243		25919		26591
23869		24517		25247		25931		26597
23873		24527		25253		25933		26627
23879		24533		25261		25939		26633
23887		24547		25301		25943		26641
23893		24551		25303		25951		26647
23899		24571		25307		25969		26669
23909		24593		25309		25981		26681
23911		24611		25321		25997		26683
23917		24623		25339		25999		26687
23929		24631		25343		26003		26693
23957		24659		25349		26017		26699
23971		24671		25357		26021		26701
23977		24677		25367		26029		26711
23981		24683		25373		26041		26713
23993		24691		25391		26053		26717
24001		24697		25409		26083		26723
24007		24709		25411		26099		26729
24019		24733		25423		26107		26731
24023		24749		25439		26111		26737
24029		24763		25447		26113		26759
24043		24767		25453		26119		26777
24049		24781		25457		26141		26783
24061		24793		25463		26153		26801
24071		24799		25469		26161		26813
24077		24809		25471		26171		26821
24083		24821		25523		26177		26833
24091		24841		25537		26183		26839
24097		24847		25541		26189		26849
24103		24851		25561		26203		26861
24107		24859		25577		26209		26863
24109		24877		25579		26227		26879
24113		24889		25583		26237		26881
24121		24907		25589		26249		26891
24133		24917		25601		26251		26893
24137		24919		25603		26261		26903
24151		24923		25609		26263		26921
24169		24943		25621		26267		26927
24179		24953		25633		26293		26947
24181		24967		25639		26297		26951
24197		24971		25643		26309		26953
24203		24977		25657		26317		26959
24223		24979		25667		26321		26981
24229		24989		25673		26339		26987
24239		25013		25679		26347		26993
24247		25031		25693		26357		27011
24251		25033		25703		26371		27017
24281		25037		25717		26387		27031
24317		25057		25733		26393		27043
24329		25073		25741		26399		27059
24337		25087		25747		26407		27061
24359		25097		25759		26417		27067
24371		25111		25763		26423		27073
24373		25117		25771		26431		27077
27091		27809		28537		29153		29867
27103		27817		28541		29167		29873
27107		27823		28547		29173		29879
27109		27827		28549		29179		29881
27127		27847		28559		29191		29917
27143		27851		28571		29201		29921
27179		27883		28573		29207		29927
27191		27893		28579		29209		29947
27197		27901		28591		29221		29959
27211		27917		28597		29231		29983
27239		27919		28603		29243		29989
27241		27941		28607		29251		30011
27253		27943		28619		29269		30013
27259		27947		28621		29287		30029
27271		27953		28627		29297		30047
27277		27961		28631		29303		30059
27281		27967		28643		29311		30071
27283		27983		28649		29327		30089
27299		27997		28657		29333		30091
27329		28001		28661		29339		30097
27337		28019		28663		29347		30103
27361		28027		28669		29363		30109
27367		28031		28687		29383		30113
27397		28051		28697		29387		30119
27407		28057		28703		29389		30133
27409		28069		28711		29399		30137
27427		28081		28723		29401		30139
27431		28087		28729		29411		30161
27437		28097		28751		29423		30169
27449		28099		28753		29429		30181
27457		28109		28759		29437		30187
27479		28111		28771		29443		30197
27481		28123		28789		29453		30203
27487		28151		28793		29473		30211
27509		28163		28807		29483		30223
27527		28181		28813		29501		30241
27529		28183		28817		29527		30253
27539		28201		28837		29531		30259
27541		28211		28843		29537		30269
27551		28219		28859		29567		30271
27581		28229		28867		29569		30293
27583		28277		28871		29573		30307
27611		28279		28879		29581		30313
27617		28283		28901		29587		30319
27631		28289		28909		29599		30323
27647		28297		28921		29611		30341
27653		28307		28927		29629		30347
27673		28309		28933		29633		30367
27689		28319		28949		29641		30389
27691		28349		28961		29663		30391
27697		28351		28979		29669		30403
27701		28387		29009		29671		30427
27733		28393		29017		29683		30431
27737		28403		29021		29717		30449
27739		28409		29023		29723		30467
27743		28411		29027		29741		30469
27749		28429		29033		29753		30491
27751		28433		29059		29759		30493
27763		28439		29063		29761		30497
27767		28447		29077		29789		30509
27773		28463		29101		29803		30517
27779		28477		29123		29819		30529
27791		28493		29129		29833		30539
27793		28499		29131		29837		30553
27799		28513		29137		29851		30557
27803		28517		29147		29863		30559
30577		31247		32003		32603		33301
30593		31249		32009		32609		33311
30631		31253		32027		32611		33317
30637		31259		32029		32621		33329
30643		31267		32051		32633		33331
30649		31271		32057		32647		33343
30661		31277		32059		32653		33347
30671		31307		32063		32687		33349
30677		31319		32069		32693		33353
30689		31321		32077		32707		33359
30697		31327		32083		32713		33377
30703		31333		32089		32717		33391
30707		31337		32099		32719		33403
30713		31357		32117		32749		33409
30727		31379		32119		32771		33413
30757		31387		32141		32779		33427
30763		31391		32143		32783		33457
30773		31393		32159		32789		33461
30781		31397		32173		32797		33469
30803		31469		32183		32801		33479
30809		31477		32189		32803		33487
30817		31481		32191		32831		33493
30829		31489		32203		32833		33503
30839		31511		32213		32839		33521
30841		31513		32233		32843		33529
30851		31517		32237		32869		33533
30853		31531		32251		32887		33547
30859		31541		32257		32909		33563
30869		31543		32261		32911		33569
30871		31547		32297		32917		33577
30881		31567		32299		32933		33581
30893		31573		32303		32939		33587
30911		31583		32309		32941		33589
30931		31601		32321		32957		33599
30937		31607		32323		32969		33601
30941		31627		32327		32971		33613
30949		31643		32341		32983		33617
30971		31649		32353		32987		33619
30977		31657		32359		32993		33623
30983		31663		32363		32999		33629
31013		31667		32369		33013		33637
31019		31687		32371		33023		33641
31033		31699		32377		33029		33647
31039		31721		32381		33037		33679
31051		31723		32401		33049		33703
31063		31727		32411		33053		33713
31069		31729		32413		33071		33721
31079		31741		32423		33073		33739
31081		31751		32429		33083		33749
31091		31769		32441		33091		33751
31121		31771		32443		33107		33757
31123		31793		32467		33113		33767
31139		31799		32479		33119		33769
31147		31817		32491		33149		33773
31151		31847		32497		33151		33791
31153		31849		32503		33161		33797
31159		31859		32507		33179		33809
31177		31873		32531		33181		33811
31181		31883		32533		33191		33827
31183		31891		32537		33199		33829
31189		31907		32561		33203		33851
31193		31957		32563		33211		33857
31219		31963		32569		33223		33863
31223		31973		32573		33247		33871
31231		31981		32579		33287		33889
31237		31991		32587		33289		33893
33911		34607		35323		36037		36739
33923		34613		35327		36061		36749
33931		34631		35339		36067		36761
33937		34649		35353		36073		36767
33941		34651		35363		36083		36779
33961		34667		35381		36097		36781
33967		34673		35393		36107		36787
33997		34679		35401		36109		36791
34019		34687		35407		36131		36793
34031		34693		35419		36137		36809
34033		34703		35423		36151		36821
34039		34721		35437		36161		36833
34057		34729		35447		36187		36847
34061		34739		35449		36191		36857
34123		34747		35461		36209		36871
34127		34757		35491		36217		36877
34129		34759		35507		36229		36887
34141		34763		35509		36241		36899
34147		34781		35521		36251		36901
34157		34807		35527		36263		36913
34159		34819		35531		36269		36919
34171		34841		35533		36277		36923
34183		34843		35537		36293		36929
34211		34847		35543		36299		36931
34213		34849		35569		36307		36943
34217		34871		35573		36313		36947
34231		34877		35591		36319		36973
34253		34883		35593		36341		36979
34259		34897		35597		36343		36997
34261		34913		35603		36353		37003
34267		34919		35617		36373		37013
34273		34939		35671		36383		37019
34283		34949		35677		36389		37021
34297		34961		35729		36433		37039
34301		34963		35731		36451		37049
34303		34981		35747		36457		37057
34313		35023		35753		36467		37061
34319		35027		35759		36469		37087
34327		35051		35771		36473		37097
34337		35053		35797		36479		37117
34351		35059		35801		36493		37123
34361		35069		35803		36497		37139
34367		35081		35809		36523		37159
34369		35083		35831		36527		37171
34381		35089		35837		36529		37181
34403		35099		35839		36541		37189
34421		35107		35851		36551		37199
34429		35111		35863		36559		37201
34439		35117		35869		36563		37217
34457		35129		35879		36571		37223
34469		35141		35897		36583		37243
34471		35149		35899		36587		37253
34483		35153		35911		36599		37273
34487		35159		35923		36607		37277
34499		35171		35933		36629		37307
34501		35201		35951		36637		37309
34511		35221		35963		36643		37313
34513		35227		35969		36653		37321
34519		35251		35977		36671		37337
34537		35257		35983		36677		37339
34543		35267		35993		36683		37357
34549		35279		35999		36691		37361
34583		35281		36007		36697		37363
34589		35291		36011		36709		37369
34591		35311		36013		36713		37379
34603		35317		36017		36721		37397
37409		38153		38851		39521		40231
37423		38167		38861		39541		40237
37441		38177		38867		39551		40241
37447		38183		38873		39563		40253
37463		38189		38891		39569		40277
37483		38197		38903		39581		40283
37489		38201		38917		39607		40289
37493		38219		38921		39619		40343
37501		38231		38923		39623		40351
37507		38237		38933		39631		40357
37511		38239		38953		39659		40361
37517		38261		38959		39667		40387
37529		38273		38971		39671		40423
37537		38281		38977		39679		40427
37547		38287		38993		39703		40429
37549		38299		39019		39709		40433
37561		38303		39023		39719		40459
37567		38317		39041		39727		40471
37571		38321		39043		39733		40483
37573		38327		39047		39749		40487
37579		38329		39079		39761		40493
37589		38333		39089		39769		40499
37591		38351		39097		39779		40507
37607		38371		39103		39791		40519
37619		38377		39107		39799		40529
37633		38393		39113		39821		40531
37643		38431		39119		39827		40543
37649		38447		39133		39829		40559
37657		38449		39139		39839		40577
37663		38453		39157		39841		40583
37691		38459		39161		39847		40591
37693		38461		39163		39857		40597
37699		38501		39181		39863		40609
37717		38543		39191		39869		40627
37747		38557		39199		39877		40637
37781		38561		39209		39883		40639
37783		38567		39217		39887		40693
37799		38569		39227		39901		40697
37811		38593		39229		39929		40699
37813		38603		39233		39937		40709
37831		38609		39239		39953		40739
37847		38611		39241		39971		40751
37853		38629		39251		39979		40759
37861		38639		39293		39983		40763
37871		38651		39301		39989		40771
37879		38653		39313		40009		40787
37889		38669		39317		40013		40801
37897		38671		39323		40031		40813
37907		38677		39341		40037		40819
37951		38693		39343		40039		40823
37957		38699		39359		40063		40829
37963		38707		39367		40087		40841
37967		38711		39371		40093		40847
37987		38713		39373		40099		40849
37991		38723		39383		40111		40853
37993		38729		39397		40123		40867
37997		38737		39409		40127		40879
38011		38747		39419		40129		40883
38039		38749		39439		40151		40897
38047		38767		39443		40153		40903
38053		38783		39451		40163		40927
38069		38791		39461		40169		40933
38083		38803		39499		40177		40939
38113		38821		39503		40189		40949
38119		38833		39509		40193		40961
38149		38839		39511		40213		40973
40993		41647		42307		42943		43721
41011		41651		42323		42953		43753
41017		41659		42331		42961		43759
41023		41669		42337		42967		43777
41039		41681		42349		42979		43781
41047		41687		42359		42989		43783
41051		41719		42373		43003		43787
41057		41729		42379		43013		43789
41077		41737		42391		43019		43793
41081		41759		42397		43037		43801
41113		41761		42403		43049		43853
41117		41771		42407		43051		43867
41131		41777		42409		43063		43889
41141		41801		42433		43067		43891
41143		41809		42437		43093		43913
41149		41813		42443		43103		43933
41161		41843		42451		43117		43943
41177		41849		42457		43133		43951
41179		41851		42461		43151		43961
41183		41863		42463		43159		43963
41189		41879		42467		43177		43969
41201		41887		42473		43189		43973
41203		41893		42487		43201		43987
41213		41897		42491		43207		43991
41221		41903		42499		43223		43997
41227		41911		42509		43237		44017
41231		41927		42533		43261		44021
41233		41941		42557		43271		44027
41243		41947		42569		43283		44029
41257		41953		42571		43291		44041
41263		41957		42577		43313		44053
41269		41959		42589		43319		44059
41281		41969		42611		43321		44071
41299		41981		42641		43331		44087
41333		41983		42643		43391		44089
41341		41999		42649		43397		44101
41351		42013		42667		43399		44111
41357		42017		42677		43403		44119
41381		42019		42683		43411		44123
41387		42023		42689		43427		44129
41389		42043		42697		43441		44131
41399		42061		42701		43451		44159
41411		42071		42703		43457		44171
41413		42073		42709		43481		44179
41443		42083		42719		43487		44189
41453		42089		42727		43499		44201
41467		42101		42737		43517		44203
41479		42131		42743		43541		44207
41491		42139		42751		43543		44221
41507		42157		42767		43573		44249
41513		42169		42773		43577		44257
41519		42179		42787		43579		44263
41521		42181		42793		43591		44267
41539		42187		42797		43597		44269
41543		42193		42821		43607		44273
41549		42197		42829		43609		44279
41579		42209		42839		43613		44281
41593		42221		42841		43627		44293
41597		42223		42853		43633		44351
41603		42227		42859		43649		44357
41609		42239		42863		43651		44371
41611		42257		42899		43661		44381
41617		42281		42901		43669		44383
41621		42283		42923		43691		44389
41627		42293		42929		43711		44417
41641		42299		42937		43717		44449
44453		45139		45887		46639		47381
44483		45161		45893		46643		47387
44491		45179		45943		46649		47389
44497		45181		45949		46663		47407
44501		45191		45953		46679		47417
44507		45197		45959		46681		47419
44519		45233		45971		46687		47431
44531		45247		45979		46691		47441
44533		45259		45989		46703		47459
44537		45263		46021		46723		47491
44543		45281		46027		46727		47497
44549		45289		46049		46747		47501
44563		45293		46051		46751		47507
44579		45307		46061		46757		47513
44587		45317		46073		46769		47521
44617		45319		46091		46771		47527
44621		45329		46093		46807		47533
44623		45337		46099		46811		47543
44633		45341		46103		46817		47563
44641		45343		46133		46819		47569
44647		45361		46141		46829		47581
44651		45377		46147		46831		47591
44657		45389		46153		46853		47599
44683		45403		46171		46861		47609
44687		45413		46181		46867		47623
44699		45427		46183		46877		47629
44701		45433		46187		46889		47639
44711		45439		46199		46901		47653
44729		45481		46219		46919		47657
44741		45491		46229		46933		47659
44753		45497		46237		46957		47681
44771		45503		46261		46993		47699
44773		45523		46271		46997		47701
44777		45533		46273		47017		47711
44789		45541		46279		47041		47713
44797		45553		46301		47051		47717
44809		45557		46307		47057		47737
44819		45569		46309		47059		47741
44839		45587		46327		47087		47743
44843		45589		46337		47093		47777
44851		45599		46349		47111		47779
44867		45613		46351		47119		47791
44879		45631		46381		47123		47797
44887		45641		46399		47129		47807
44893		45659		46411		47137		47809
44909		45667		46439		47143		47819
44917		45673		46441		47147		47837
44927		45677		46447		47149		47843
44939		45691		46451		47161		47857
44953		45697		46457		47189		47869
44959		45707		46471		47207		47881
44963		45737		46477		47221		47903
44971		45751		46489		47237		47911
44983		45757		46499		47251		47917
44987		45763		46507		47269		47933
45007		45767		46511		47279		47939
45013		45779		46523		47287		47947
45053		45817		46549		47293		47951
45061		45821		46559		47297		47963
45077		45823		46567		47303		47969
45083		45827		46573		47309		47977
45119		45833		46589		47317		47981
45121		45841		46591		47339		48017
45127		45853		46601		47351		48023
45131		45863		46619		47353		48029
45137		45869		46633		47363		48049
48073		48487		48859		49253		49633
48079		48491		48869		49261		49639
48091		48497		48871		49277		49663
48109		48523		48883		49279		49667
48119		48527		48889		49297		49669
48121		48533		48907		49307		49681
48131		48539		48947		49331		49697
48157		48541		48953		49333		49711
48163		48563		48973		49339		49727
48179		48571		48989		49363		49739
48187		48589		48991		49367		49741
48193		48593		49003		49369		49747
48197		48611		49009		49391		49757
48221		48619		49019		49393		49783
48239		48623		49031		49409		49787
48247		48647		49033		49411		49789
48259		48649		49037		49417		49801
48271		48661		49043		49429		49807
48281		48673		49057		49433		49811
48299		48677		49069		49451		49823
48311		48679		49081		49459		49831
48313		48731		49103		49463		49843
48337		48733		49109		49477		49853
48341		48751		49117		49481		49871
48353		48757		49121		49499		49877
48371		48761		49123		49523		49891
48383		48767		49139		49529		49919
48397		48779		49157		49531		49921
48407		48781		49169		49537		49927
48409		48787		49171		49547		49937
48413		48799		49177		49549		49939
48437		48809		49193		49559		49943
48449		48817		49199		49597		49957
48463		48821		49201		49603		49991
48473		48823		49207		49613		49993
48479		48847		49211		49627		49999
48481		48857		49223
